62985999287
62985999288
62985999289
62985999332
62985999368
62985999369
62985999504
62985999505
62985999513
62985999515
62985999516
62985999517
62985999705
62985999710
62985999718
62985999733
62985999734
62985999740
62985999741
62985999742
62985999746
62985999755
62985999756
62985999757
62985999758
62985999782
62985999791
62985999792
62985999806
62985999920
62985999924
62985999935
62985999937
62985999946
62985999964
62985999965
62985999971
62984001471
62984001578
62984001582
62984001595
62985980008
62985980011
62985980022
62985980199
62985980202
62985980205
62985981115
62985981378
62985982904
62985982907
62985985290
62985986459
62985987158
62985987842
62985987844
62985987846
62985987848
62985987849
62985989239
62985989240
62985989242
62985989246
62985989250
62985989491
62985989493
62985989494
62985989512
62985989513
62985998024
62985998025
62985998028
62985998031
62985998032
62985998033
62985998037
62985998042
62985998049
62985998083
62985998202
62985998283
62985998306
62985998307
62985998458
62985998459
62985998464
62985998518
62985998528
62985998538
62985998657
62985998894
62985998901
62985999057
62985999058
62985999062
62985999150
62985999279
62985999283
62985999285
62985999286 